10,115
10,263
10,153
10,65
10,73
10,305
10,269
10,69
10,2
10,3
11,13
11,19
9,7
9,1
9,5
9,2
9,3
8,17
8,12
8,16
8,10
8,18
47,8
47,7
47,6
47,5
47,4
47,3
47,2
47,1
47,0
46,3
46,2
46,1
46,0
31,3
31,1
29,3
29,1
28,3
28,1
20,3
20,2
20,1
19,3
19,2
19,1
18,3
18,1
14,3
14,1
13,3
13,1
12,3
12,2
12,1
11,29
11,28
11,27
11,26
11,25
11,24
11,23
11,22
11,21
11,20
11,18
11,17
11,16
11,15
11,14
11,12
11,11
11,10
11,8
11,7
11,6
11,4
11,3
11,2
11,1
10,313
10,310
10,303
10,296
10,292
10,287
10,286
10,278
10,274
10,266
10,264
10,259
10,246
10,242
10,236
10,234
10,228
